1 5000
2 4865
3 4730
4 4585
5 4434
6 4300
7 4155
8 4011
9 3882
10 3770
11 3661
12 3537
13 3434
14 3317
15 3188
16 3082
17 2969
18 2865
19 2777
20 2693
21 2614
22 2535
23 2449
24 2374
25 2309
26 2236
27 2174
28 2101
29 2042
30 1973
31 1912
32 1855
33 1808
34 1760
35 1713
36 1670
37 1610
38 1566
39 1524
40 1484
41 1451
42 1406
43 1374
44 1336
45 1290
46 1234
47 1195
48 1164
49 1132
50 1087
51 1059
52 1017
53 991
54 961
55 933
56 904
57 875
58 848
59 824
60 794
61 760
62 734
63 709
64 682
65 662
66 646
67 620
68 603
69 582
70 568
71 555
72 535
73 518
74 501
75 485
76 467
77 456
78 448
79 438
80 422
81 405
82 395
83 381
84 366
85 358
86 346
87 337
88 330
89 315
90 307
91 295
92 288
93 279
94 269
95 262
96 255
97 245
98 241
99 230
100 226
101 223
102 220
103 215
104 203
105 196
106 190
107 186
108 185
109 178
110 173
111 169
112 163
113 159
114 157
115 147
116 140
117 135
118 133
119 127
120 126
121 123
122 122
123 118
124 117
125 110
126 106
127 103
128 102
129 99
130 92
131 88
132 86
133 85
134 85
135 82
136 79
137 77
138 74
139 74
140 74
141 74
142 72
143 67
144 66
145 64
146 63
147 61
148 57
149 54
150 53
151 52
152 52
153 48
154 46
155 46
156 43
157 43
158 42
159 41
160 38
161 38
162 38
163 38
164 38
165 38
166 37
167 36
168 35
169 35
170 33
171 32
172 31
173 31
174 30
175 29
176 27
177 27
178 27
179 27
180 25
181 25
182 25
183 25
184 25
185 24
186 24
187 23
188 21
189 20
190 20
191 20
192 17
193 16
194 16
195 15
196 15
197 15
198 15
199 15
200 15
201 15
202 14
203 14
204 14
205 14
206 13
207 13
208 13
209 13
210 12
211 12
212 12
213 12
214 12
215 12
216 12
217 11
218 10
219 9
220 9
221 8
222 8
223 7
224 6
225 6
226 5
227 5
228 5
229 5
230 4
231 4
232 4
233 4
234 4
235 4
236 4
237 4
238 4
239 4
240 4
241 4
242 4
243 3
244 3
245 3
246 3
247 3
248 3
249 3
250 3
251 3
252 3
253 3
254 3
255 3
256 3
257 3
258 3
259 3
260 3
261 3
262 3
263 3
264 3
265 2
266 1
267 1
268 1
269 1
270 0
271 0
272 0
273 0
274 0
275 0
276 0
277 0
278 0
279 0
280 0
281 0
282 0
283 0
284 0
285 0
286 0
287 0
288 0
289 0
290 0
291 0
292 0
293 0
294 0
295 0
296 0
297 0
298 0
299 0
300 0
