1 100
2 100
3 99
4 98
5 98
6 97
7 97
8 97
9 96
10 96
11 95
12 95
13 94
14 93
15 90
16 89
17 88
18 88
19 88
20 88
21 87
22 86
23 84
24 84
25 83
26 83
27 82
28 80
29 80
30 79
31 78
32 77
33 77
34 77
35 77
36 75
37 74
38 74
39 74
40 73
41 71
42 71
43 69
44 68
45 68
46 67
47 67
48 66
49 64
50 62
51 62
52 61
53 61
54 59
55 59
56 58
57 58
58 58
59 58
60 57
61 57
62 55
63 55
64 54
65 54
66 53
67 52
68 52
69 52
70 52
71 52
72 51
73 51
74 51
75 50
76 50
77 50
78 49
79 48
80 45
81 45
82 45
83 45
84 45
85 45
86 44
87 42
88 41
89 41
90 40
91 40
92 39
93 39
94 39
95 39
96 39
97 38
98 37
99 37
100 35
101 34
102 34
103 34
104 33
105 33
106 32
107 32
108 32
109 32
110 32
111 32
112 32
113 30
114 30
115 30
116 30
117 30
118 30
119 30
120 30
121 30
122 30
123 29
124 29
125 28
126 27
127 27
128 27
129 27
130 27
131 26
132 26
133 26
134 26
135 25
136 25
137 24
138 24
139 24
140 24
141 24
142 24
143 24
144 24
145 24
146 24
147 24
148 24
149 24
150 24
151 23
152 23
153 23
154 23
155 23
156 23
157 23
158 23
159 23
160 23
161 23
162 23
163 23
164 23
165 23
166 23
167 23
168 22
169 22
170 22
171 22
172 22
173 22
174 22
175 22
176 22
177 21
178 21
179 21
180 21
181 21
182 20
183 19
184 18
185 18
186 18
187 18
188 18
189 18
190 18
191 18
192 18
193 17
194 17
195 16
196 15
197 14
198 14
199 14
200 14
201 14
202 14
203 14
204 14
205 14
206 14
207 14
208 13
209 13
210 13
211 12
212 11
213 11
214 10
215 10
216 10
217 10
218 10
219 10
220 10
221 10
222 10
223 10
224 10
225 10
226 10
227 10
228 10
229 9
230 9
231 9
232 9
233 9
234 9
235 9
236 9
237 9
238 9
239 9
240 8
241 8
242 8
243 8
244 8
245 8
246 8
247 8
248 8
249 8
250 8
251 8
252 8
253 8
254 8
255 8
256 8
257 8
258 8
259 8
260 8
261 8
262 8
263 8
264 8
265 8
266 8
267 8
268 8
269 8
270 8
271 8
272 8
273 8
274 8
275 8
276 8
277 8
278 8
279 8
280 8
281 8
282 8
283 8
284 8
285 8
286 8
287 8
288 8
289 8
290 8
291 8
292 8
293 8
294 8
295 8
296 8
297 8
298 8
299 8
300 8
